cores freq perf power
240 2000000 0.886127174822656 0.982831728312659
240 1900000 0.925340529785628 0.910114427358521
240 1800000 0.93376254158661 0.814859338618173
240 1700000 0.937847744837278 0.70829694052322
240 1600000 0.895616690342215 0.614238396056843
240 1500000 0.869458061630837 0.53404176104112
240 1400000 0.827165348915986 0.47499100207431
240 1300000 0.783715222930217 0.436015209988982
240 1200000 0.742411016269402 0.386278349569392
240 1100000 0.693966234821127 0.341697325187035
240 1000000 0.638948776327512 0.302537676819827
240 900000 0.589309020484878 0.26775181797991
240 800000 0.534695289162199 0.2379766111456
240 700000 0.495369821349554 0.214765459451948
240 600000 0.430029118002034 0.194151866840378
240 500000 0.351959797502187 0.171141736217391
240 400000 0.296003039347529 0.147554512759512
240 300000 0.230132185617218 0.124584536015511
240 200000 0.155840825294664 0.0981447231735358
112 2000000 0.783127571635746 0.86381144135263
112 1900000 0.797898547746323 0.794626920936842
112 1800000 0.799459046508439 0.687408166750445
112 1700000 0.78580850772361 0.593809239035646
112 1600000 0.760192290867054 0.516413687063984
112 1500000 0.732665058345639 0.450682565079165
112 1400000 0.692598624564773 0.403087440914391
112 1300000 0.657974644636534 0.369596576628428
112 1200000 0.639919505629495 0.329323081961293
112 1100000 0.601614718614826 0.293323887493799
112 1000000 0.553211614019018 0.261028802987943
112 900000 0.504077266981381 0.23065032434524
112 800000 0.44283678097315 0.208650246524304
112 700000 0.3910766264141 0.188213538535711
112 600000 0.348145067588869 0.169011058086068
112 500000 0.302203512021769 0.151183419430556
112 400000 0.239916691948328 0.132071692835288
112 300000 0.186255483835005 0.111475207986893
112 200000 0.126542688791672 0.0900611292753712
48 2000000 0.631338563959694 0.745037886955024
48 1900000 0.608354876164511 0.599761909817064
48 1800000 0.611553882518397 0.542788890931884
48 1700000 0.591638519417943 0.495088974762573
48 1600000 0.570279841608554 0.430900719107901
48 1500000 0.5437278430744 0.376909610083488
48 1400000 0.526233256410832 0.339891278013679
48 1300000 0.499394623604186 0.312092694270614
48 1200000 0.454954867385852 0.277573941566741
48 1100000 0.425300474107623 0.248600716290628
48 1000000 0.392672508713504 0.21925235171824
48 900000 0.370547074184358 0.196422774970667
48 800000 0.334158106371866 0.17764872508102
48 700000 0.30502884882475 0.162333813721191
48 600000 0.260509207510496 0.147135882105532
48 500000 0.220954949124075 0.13040469684596
48 400000 0.188447113556415 0.11630048128548
48 300000 0.145372648257219 0.0993721142515977
48 200000 0.0986155185809521 0.0801268389992296
16 2000000 0.424604735501754 0.527967703399422
16 1900000 0.413823889655706 0.432019462967257
16 1800000 0.404863393241382 0.377589251264637
16 1700000 0.392892577499941 0.340381202059382
16 1600000 0.375209069280167 0.305953595161056
16 1500000 0.360768670845631 0.276693142307736
16 1400000 0.344545881351592 0.254242230825913
16 1300000 0.325679377159915 0.235376673202357
16 1200000 0.303844612471099 0.222536945230289
16 1100000 0.284881495117849 0.201940868406438
16 1000000 0.262665930244877 0.18358014894885
16 900000 0.248628585448944 0.165965307967663
16 800000 0.224501827398751 0.149588867476338
16 700000 0.206959155399054 0.138926296803606
16 600000 0.177778868463046 0.128504851289581
16 500000 0.156447100297403 0.117178934918903
16 400000 0.133154228820492 0.105374831026327
16 300000 0.0961133280150983 0.0894338906490566
16 200000 0.0670409915836753 0.0805302392619749
15 1400000 0.428028274919664 0.170111132750169
15 1300000 0.417812667338705 0.156672750906358
15 1200000 0.394585876246757 0.142465398303021
15 1100000 0.364317836394633 0.130310548438358
15 1000000 0.346800090066246 0.118823229925984
15 900000 0.315850168678803 0.107363162733696
15 800000 0.281015695848383 0.0963738405293053
15 700000 0.250382815995395 0.0892312253126454
15 600000 0.215065797782763 0.0820152957174175
15 500000 0.193719922412061 0.0762545730038741
15 400000 0.159251980066926 0.0718479687789924
15 300000 0.124256479699324 0.0667276802638303
15 200000 0.0870071102056306 0.0608427315224468
7 1400000 0.330304270406735 0.146279082263187
7 1300000 0.323340528084625 0.134394414065531
7 1200000 0.299522113312207 0.12248501714062
7 1100000 0.276444051003722 0.113661172548219
7 1000000 0.256507004225683 0.105083661309317
7 900000 0.237523375263849 0.0975290624618691
7 800000 0.216990256668416 0.0889968910983733
7 700000 0.200693716264529 0.0828039253022632
7 600000 0.178891612726303 0.0772409826148697
7 500000 0.15078256981205 0.073073466646157
7 400000 0.128066751594108 0.0691343123758661
7 300000 0.104952360247731 0.0652691412277559
7 200000 0.0703680015685025 0.0607074255539959
3 1400000 0.24434455808132 0.129694790418512
3 1300000 0.232081829486943 0.119503038406387
3 1200000 0.218957007897734 0.10958975787605
3 1100000 0.207133330553655 0.101861140624104
3 1000000 0.197426666425067 0.0949100811459089
3 900000 0.182334971563213 0.0888678343885919
3 800000 0.162838391105223 0.0814297309817666
3 700000 0.143758761100587 0.0763922119790421
3 600000 0.133205735004027 0.0718584443974259
3 500000 0.118599468743937 0.0684535091974191
3 400000 0.0991282570921287 0.0656244317207215
3 300000 0.0742068333801723 0.0622109364628893
3 200000 0.0543426830569918 0.0587117328808921
1 1400000 0.146875398884072 0.108307491007547
1 1300000 0.147316570074233 0.100406580706228
1 1200000 0.13971284207584 0.0929703660941971
1 1100000 0.133714089916226 0.0874163777648503
1 1000000 0.124584503541897 0.0821848936305354
1 900000 0.11665285213621 0.0775058471915898
1 800000 0.104857084200543 0.0719499251575801
1 700000 0.0927150096638476 0.0680074369982205
1 600000 0.0809214863271758 0.0648513045670212
1 500000 0.0710129353698171 0.0627993769880008
1 400000 0.0607672532064561 0.0600981710494825
1 300000 0.0464378027940492 0.0556789175218365
1 200000 0.0325480241201185 0.0550072341769742
