cores freq perf power
240 2000000 0.888685426134251 0.981928135065956
240 1900000 0.928618767671916 0.913432434900569
240 1800000 0.93770114623243 0.821302783993991
240 1700000 0.934576573512924 0.717028151253062
240 1600000 0.891948931775434 0.621404123392232
240 1500000 0.866316058627952 0.540004024289454
240 1400000 0.823871727812287 0.479951974572384
240 1300000 0.780053510585042 0.440356338960685
240 1200000 0.738789713445283 0.389834679263445
240 1100000 0.690335514429844 0.344646479127817
240 1000000 0.63499314299553 0.30499988888538
240 900000 0.584969962891118 0.268401770979873
240 800000 0.533732496762908 0.238604933043189
240 700000 0.49938533652113 0.215326537767324
240 600000 0.435962208306594 0.194408442786117
240 500000 0.356262061312623 0.170569111132155
240 400000 0.30122139727729 0.146748534535957
240 300000 0.233314777713551 0.123058213131515
240 200000 0.156386205014273 0.0957782731648619
112 2000000 0.817106693563838 0.900817100557781
112 1900000 0.832159337180827 0.813263300464149
112 1800000 0.828853236900476 0.682100987831162
112 1700000 0.802481362115511 0.593569126225808
112 1600000 0.769144511223862 0.517937395225408
112 1500000 0.734264087520221 0.452449809375575
112 1400000 0.689144138997391 0.405192309643997
112 1300000 0.654195922535092 0.371760808700028
112 1200000 0.638540391753626 0.330628862158068
112 1100000 0.603331290192114 0.294239225777094
112 1000000 0.557878566949162 0.2616458000847
112 900000 0.510997366212474 0.230992185693308
112 800000 0.447236407000449 0.207940360832653
112 700000 0.398176902960633 0.187931926808415
112 600000 0.355641072836335 0.168717304826866
112 500000 0.308538844214368 0.15035646645972
112 400000 0.244100541685151 0.130678723863886
112 300000 0.190262227889905 0.109965737694914
112 200000 0.127985595441502 0.0878212601440554
48 2000000 0.659294215237375 0.771515796672972
48 1900000 0.635065690333318 0.616904002448748
48 1800000 0.638731328415928 0.552340852254125
48 1700000 0.612109584150872 0.483426252753392
48 1600000 0.589980487705763 0.422700708452174
48 1500000 0.566912112793544 0.369370742420864
48 1400000 0.544603784093244 0.331808919587507
48 1300000 0.516558196980093 0.306854457799956
48 1200000 0.471074684441151 0.274447593908397
48 1100000 0.440615674220828 0.245062778076541
48 1000000 0.404278646002108 0.218731839150933
48 900000 0.383819169665 0.194686793096257
48 800000 0.346685049582022 0.174373908525477
48 700000 0.31583465256683 0.159821463044202
48 600000 0.268505878611153 0.144638640420325
48 500000 0.229447999587253 0.129093870348072
48 400000 0.195678310598571 0.113933392211943
48 300000 0.150597832821623 0.096699056712938
48 200000 0.102283382835759 0.0790631896023008
16 2000000 0.444627795701509 0.545507547696915
16 1900000 0.433244367586017 0.443167121322296
16 1800000 0.423785889099619 0.384971511541417
16 1700000 0.411179619758236 0.345147416691428
16 1600000 0.392554579247164 0.308521022961124
16 1500000 0.377283144848757 0.277670865098308
16 1400000 0.360409424310522 0.253046381483378
16 1300000 0.340722411198557 0.233940259665948
16 1200000 0.317595065714413 0.219789857819587
16 1100000 0.297651474218187 0.198218980180279
16 1000000 0.274291017086561 0.179038557123082
16 900000 0.25972385165105 0.160702886714335
16 800000 0.234355670227247 0.143751096186186
16 700000 0.21592486903143 0.13284966447028
16 600000 0.185205395853479 0.121978454815705
16 500000 0.162869937703532 0.110195802338547
16 400000 0.138391705618934 0.0982072999460642
16 300000 0.100339357967739 0.0857859751602432
16 200000 0.0688691629773817 0.0726550101979891
15 1400000 0.426172235382556 0.170256697989223
15 1300000 0.421144801731287 0.156075340637415
15 1200000 0.397793913185136 0.141175263355893
15 1100000 0.372142234380509 0.128929961911592
15 1000000 0.355087631945726 0.117104266315057
15 900000 0.324106266517456 0.105680484954671
15 800000 0.28827840630485 0.0945099311642336
15 700000 0.256639940563097 0.0872454017181661
15 600000 0.221136704101581 0.0802674970369742
15 500000 0.199125239231715 0.0744708554846511
15 400000 0.163192182626596 0.0700135608855654
15 300000 0.126774816780934 0.0648484549343512
15 200000 0.0882872780912247 0.0590810396903767
7 1400000 0.344230613668043 0.148618736609404
7 1300000 0.336942967588317 0.135937078451364
7 1200000 0.312490473316186 0.123180128451303
7 1100000 0.288247148478265 0.113808309346942
7 1000000 0.26733585644202 0.104712495115716
7 900000 0.247451157438313 0.0967265293035929
7 800000 0.225925271715938 0.0877505790861262
7 700000 0.209078073965016 0.0813859368294681
7 600000 0.186409169601365 0.0755739862404934
7 500000 0.156647562058027 0.0712323743847737
7 400000 0.133031055767086 0.0671785072559389
7 300000 0.108570937852658 0.0631916272893797
7 200000 0.0727594940494074 0.0584553032036592
3 1400000 0.255448360471164 0.130963930601003
3 1300000 0.242739067090833 0.120269422194184
3 1200000 0.228944431749435 0.109690324184898
3 1100000 0.216521450929043 0.101461258551255
3 1000000 0.206331639405237 0.0940897426876792
3 900000 0.1904781088109 0.0877109168686739
3 800000 0.170078485194961 0.0797596106882836
3 700000 0.1500825874629 0.0745305368314509
3 600000 0.138914621612207 0.0697327657790296
3 500000 0.123630909488137 0.0662456590943142
3 400000 0.103088906560532 0.0632699904507268
3 300000 0.0769599842929934 0.0598201977755046
3 200000 0.0561585656974862 0.056003153662103
1 1400000 0.153430215807932 0.108367078927512
1 1300000 0.153943302530051 0.0998889961552131
1 1200000 0.145931938655217 0.0919946898303906
1 1100000 0.139626255030273 0.0860234586722384
1 1000000 0.130041864774289 0.0804023284220034
1 900000 0.121614979705102 0.0753700349791702
1 800000 0.109287657870078 0.0693632407010259
1 700000 0.0967973500860764 0.065584612797015
1 600000 0.0842343216748514 0.0621659809314381
1 500000 0.0737319003753486 0.0599154009391376
1 400000 0.0632716117532277 0.0574602927558828
1 300000 0.0481480760770792 0.052847467161599
1 200000 0.0338045530621125 0.0523734758695266
