cores freq perf power
240 2000000 0.890441025428996 0.982817936423381
240 1900000 0.927456099942298 0.905383607745812
240 1800000 0.9356231217154 0.809771706398853
240 1700000 0.942584148170221 0.705200771722033
240 1600000 0.900651568341845 0.612425859575493
240 1500000 0.862587433295618 0.53307503447956
240 1400000 0.821451129773142 0.474472311699519
240 1300000 0.779199838055224 0.435989869531382
240 1200000 0.739260476073948 0.38646336947624
240 1100000 0.691867096919638 0.342001479763828
240 1000000 0.64635683233617 0.302680690667911
240 900000 0.596742926149905 0.26745238414999
240 800000 0.541969598716654 0.237427724936848
240 700000 0.497142684730641 0.214318577016544
240 600000 0.431903609299828 0.193983513134092
240 500000 0.357658471445955 0.171113565009411
240 400000 0.29798947257435 0.147747454590913
240 300000 0.232211895215613 0.124996450274373
240 200000 0.157535248514264 0.0986853904319333
112 2000000 0.777538532060314 0.858451147315954
112 1900000 0.792422190342035 0.794536777723162
112 1800000 0.796383954261863 0.689234492407547
112 1700000 0.78449143956904 0.59551351057566
112 1600000 0.759979268142427 0.518273477755257
112 1500000 0.733392192933963 0.452742955492618
112 1400000 0.70272608422795 0.40506707540814
112 1300000 0.668089663434078 0.371429782723866
112 1200000 0.650936954053906 0.331026164873676
112 1100000 0.605504907751051 0.295004920370011
112 1000000 0.556939506338714 0.2623463439543
112 900000 0.507720751674719 0.231302527132685
112 800000 0.445968168973216 0.209189558286422
112 700000 0.398281994816944 0.188596898306259
112 600000 0.354944511370066 0.169406922401986
112 500000 0.30530298520474 0.151723882850189
112 400000 0.242310278467768 0.13266985184063
112 300000 0.190350411916875 0.112159972616022
112 200000 0.128238711242646 0.0907725349112037
48 2000000 0.638162674475368 0.743897569576492
48 1900000 0.615293208119335 0.601018038059914
48 1800000 0.619961197319637 0.545995718877561
48 1700000 0.600308512360678 0.499215680791398
48 1600000 0.579105825593232 0.434369658471677
48 1500000 0.545766765067982 0.379936291598123
48 1400000 0.52909425218725 0.342691837383236
48 1300000 0.502672484733227 0.314697366170324
48 1200000 0.45764501452474 0.279862935325214
48 1100000 0.428201566364874 0.250764616319688
48 1000000 0.400065212484998 0.22086764453591
48 900000 0.378109411675365 0.197650938473974
48 800000 0.341158916410907 0.178694107572386
48 700000 0.308751836533398 0.163423304382855
48 600000 0.26379203057762 0.148255758332365
48 500000 0.226066190436757 0.131439625054627
48 400000 0.191528081413997 0.117389597244622
48 300000 0.147933104516066 0.100385093015853
48 200000 0.100518430109791 0.0809682963948075
16 2000000 0.433196753164209 0.531755222204344
16 1900000 0.422553265221307 0.435913706835004
16 1800000 0.413874346838899 0.381247859087396
16 1700000 0.401906571615269 0.3439346935814
16 1600000 0.383994330263742 0.309381170095694
16 1500000 0.366092134128881 0.280089624606405
16 1400000 0.349932553608542 0.257568341306962
16 1300000 0.330976150435605 0.238458546698605
16 1200000 0.308951122833387 0.225942741304809
16 1100000 0.289903262651469 0.205271738397638
16 1000000 0.269725770008293 0.18667255503546
16 900000 0.255640423357795 0.168608728907352
16 800000 0.230950468789102 0.151854575454806
16 700000 0.211640076659318 0.141129822110941
16 600000 0.181835439116977 0.130608845199029
16 500000 0.161415192401747 0.119154589120078
16 400000 0.136733454432516 0.107217853782993
16 300000 0.0986842786637756 0.0909389587016579
16 200000 0.0690100313228899 0.0820784977116581
15 1400000 0.429223028555014 0.170724377047594
15 1300000 0.413226336830033 0.157503691336828
15 1200000 0.390663299332687 0.143302034854108
15 1100000 0.360771280486905 0.131144577040014
15 1000000 0.344290382189222 0.119631343167546
15 900000 0.313724350544826 0.108110218135762
15 800000 0.283256978212633 0.0970202813588617
15 700000 0.252548930905489 0.0898623575490276
15 600000 0.213793206646914 0.0825350495097376
15 500000 0.193459589795414 0.0767345989267617
15 400000 0.161360551027335 0.0723725618889957
15 300000 0.124575318503581 0.0672654938312056
15 200000 0.0885420451974049 0.0613502944537214
7 1400000 0.32669361022604 0.146952026447208
7 1300000 0.320721691555785 0.135112863336286
7 1200000 0.301628590602913 0.123236436445078
7 1100000 0.27838234314133 0.114447673793501
7 1000000 0.258459185908425 0.105952530717901
7 900000 0.239555453463077 0.0983566563211901
7 800000 0.215907398324543 0.0897199302225443
7 700000 0.20026137349068 0.0835283388930433
7 600000 0.178822812056951 0.0778862480960247
7 500000 0.152776820144991 0.0736940135589024
7 400000 0.128462307349319 0.0697657108539596
7 300000 0.105730835810268 0.0659169198840756
7 200000 0.0709601616349674 0.0613571114867205
3 1400000 0.24624779924278 0.130637944578764
3 1300000 0.230657438256784 0.120466872040475
3 1200000 0.217850115081067 0.110545995144137
3 1100000 0.206406831396083 0.102808686793626
3 1000000 0.197218050816899 0.0958298723267004
3 900000 0.18236454085458 0.0897704354473444
3 800000 0.165018413901777 0.0822345072936803
3 700000 0.145724085148577 0.077192762352519
3 600000 0.133804731204826 0.0725558947658798
3 500000 0.119507817966764 0.0691300535875923
3 400000 0.101153117376134 0.0663226697636034
3 300000 0.0749600730028619 0.0628956071694104
3 200000 0.0556741139359889 0.0593890867567063
1 1400000 0.14907923690568 0.109508978832284
1 1300000 0.148207635348336 0.101542813790685
1 1200000 0.140712970915986 0.0940339635407999
1 1100000 0.134921719811119 0.0884539517829478
1 1000000 0.125831129723092 0.0832024031354418
1 900000 0.118006178837961 0.0784942612323967
1 800000 0.107185323710932 0.072837993946391
1 700000 0.0948110418378158 0.0688477936971345
1 600000 0.0820104396401089 0.0656233376633845
1 500000 0.0721315410056809 0.0635560184878676
1 400000 0.0624181992549609 0.0608163770440225
1 300000 0.0473792554855413 0.0562528347261094
1 200000 0.03354885913816 0.0556364459977385
