cores freq perf power
240 2000000 0.968955447025172 0.999403902726361
240 1900000 0.974833889298442 0.904281610042134
240 1800000 0.975493645354764 0.814551376070452
240 1700000 0.970934715194138 0.730213200811316
240 1600000 0.961157098816563 0.651267084264724
240 1500000 0.94616079622204 0.577713026430678
240 1400000 0.925945807410569 0.509551027309177
240 1300000 0.900512132382149 0.44678108690022
240 1200000 0.869859771136781 0.389403205203809
240 1100000 0.833988723674465 0.337417382219943
240 1000000 0.792898989995201 0.290823617948622
240 900000 0.746590570098988 0.249621912389845
240 800000 0.695063463985827 0.213812265543614
240 700000 0.638317671655718 0.183394677409928
240 600000 0.576353193108661 0.158369147988787
240 500000 0.509170028344655 0.138735677280192
240 400000 0.436768177363701 0.124494265284141
240 300000 0.359147640165799 0.115644912000635
240 200000 0.276308416750948 0.112187617429674
112 2000000 0.788127555177253 0.784018605107574
112 1900000 0.791303652598458 0.7045951609199
112 1800000 0.789261063802714 0.630563775444772
112 1700000 0.781999788790023 0.561924448682189
112 1600000 0.769519827560382 0.498677180632151
112 1500000 0.751821180113794 0.440821971294658
112 1400000 0.728903846450257 0.38835882066971
112 1300000 0.700767826569772 0.341287728757308
112 1200000 0.667413120472339 0.29960869555745
112 1100000 0.628839728157957 0.263321721070137
112 1000000 0.585047649626627 0.232426805295369
112 900000 0.536036884878349 0.206923948233147
112 800000 0.481807433913123 0.186813149883469
112 700000 0.422359296730948 0.172094410246337
112 600000 0.357692473331825 0.162767729321749
112 500000 0.287806963715754 0.158833107109707
112 400000 0.212702767882734 0.160290543610209
112 300000 0.132379885832766 0.167140038823257
112 200000 0.0468383175658503 0.17938159274885
48 2000000 0.656666162793281 0.610608535848738
48 1900000 0.658491087788453 0.539034515909341
48 1800000 0.655097326566677 0.47285255468249
48 1700000 0.646484879127952 0.412062652168183
48 1600000 0.632653745472279 0.356664808366422
48 1500000 0.613603925599658 0.306659023277206
48 1400000 0.589335419510089 0.262045296900535
48 1300000 0.559848227203571 0.222823629236409
48 1200000 0.525142348680105 0.188994020284828
48 1100000 0.48521778393969 0.160556470045792
48 1000000 0.440074532982328 0.137510978519301
48 900000 0.389712595808017 0.119857545705355
48 800000 0.334131972416758 0.107596171603954
48 700000 0.27333266280855 0.100726856215098
48 600000 0.207314666983395 0.0992495995387873
48 500000 0.136077984941291 0.103164401575022
48 400000 0.0596226166822382 0.112471262323801
48 300000 -0.0220514377937624 0.127170181785125
48 200000 -0.108944178486711 0.147261159958995
16 2000000 0.580673604986292 0.507474146106959
16 1900000 0.581822943768448 0.439824838291701
16 1800000 0.577753596333655 0.377567589188988
16 1700000 0.568465562681914 0.32070239879882
16 1600000 0.553958842813225 0.269229267121197
16 1500000 0.534233436727587 0.223148194156119
16 1400000 0.509289344425001 0.182459179903586
16 1300000 0.479126565905467 0.147162224363598
16 1200000 0.443745101168985 0.117257327536156
16 1100000 0.403144950215554 0.0927444894212581
16 1000000 0.357326113045175 0.0736237100189055
16 900000 0.306288589657848 0.059894989329098
16 800000 0.250032380053572 0.0515583273518355
16 700000 0.188557484232348 0.0486137240871181
16 600000 0.121863902194176 0.0510611795349457
16 500000 0.0499516339390558 0.0589006936953184
16 400000 -0.0271793205330129 0.0721322665682362
16 300000 -0.10952896122203 0.090755898153699
16 200000 -0.197097288127995 0.114771588451707
15 1400000 0.506677669737025 0.17979562653431
15 1300000 0.476493779148334 0.144621318248202
15 1200000 0.441091202342695 0.114839068674639
15 1100000 0.400469939320107 0.0904488778136203
15 1000000 0.354629990080571 0.0714507456651471
15 900000 0.303571354624088 0.0578446722292189
15 800000 0.247294032950655 0.0496306575058357
15 700000 0.185798025060275 0.0468087014949976
15 600000 0.119083330952946 0.0493788041967046
15 500000 0.0471499506286685 0.0573409656109566
15 400000 -0.030002115912557 0.0706951857377537
15 300000 -0.112372868670731 0.0894414645770958
15 200000 -0.199962307645853 0.113579802128983
7 1400000 0.485543759851612 0.158102136569659
7 1300000 0.455190972709667 0.123909006314585
7 1200000 0.419619499350774 0.0951079347720563
7 1100000 0.378829339774932 0.0716989219420725
7 1000000 0.332820493982142 0.0536819678246339
7 900000 0.281592961972404 0.0410570724197403
7 800000 0.225146743745718 0.0338242357273917
7 700000 0.163481839302083 0.0319834577475882
7 600000 0.0965982486415001 0.0355347384803298
7 500000 0.0244959717639688 0.0444780779256164
7 400000 -0.0528249913305107 0.0588134760834481
7 300000 -0.135364640641939 0.0785409329538248
7 200000 -0.223122976170315 0.103660448536747
3 1400000 0.474816463321171 0.146998682913703
3 1300000 0.444379227902599 0.113296141674146
3 1200000 0.408723306267079 0.0849856591471345
3 1100000 0.36784869841461 0.062067235332668
3 1000000 0.321755404345193 0.0445408702307467
3 900000 0.270443424058828 0.0324065638413703
3 800000 0.213912757555515 0.0256643161645391
3 700000 0.152163404835253 0.0243141272002529
3 600000 0.0851953658980429 0.0283559969485117
3 500000 0.0130086407438846 0.0377899254093157
3 400000 -0.064396770627222 0.0526159125826646
3 300000 -0.147020868215277 0.0728339584685586
3 200000 -0.23486365202028 0.0984440630669977
1 1400000 0.469412729659017 0.141382778917317
1 1300000 0.438933270102132 0.107925532185519
1 1200000 0.403235124328298 0.0798603441662659
1 1100000 0.362318292337516 0.0571872148595581
1 1000000 0.316182774129785 0.0399061442653954
1 900000 0.264828569705106 0.0280171323837777
1 800000 0.20825567906348 0.0215201792147051
1 700000 0.146464102204904 0.0204152847581776
1 600000 0.0794538391293807 0.0247024490141951
1 500000 0.00722488983690887 0.0343816719827576
1 400000 -0.0702227456725112 0.0494529536638652
1 300000 -0.15288906739888 0.0699162940575179
1 200000 -0.240774075342196 0.0957716931637156
