cores freq perf power
240 2000000 0.962584851335852 1
240 1900000 1 0.910621202860149
240 1800000 0.944197475867856 0.761931581454069
240 1700000 0.891652283390035 0.656278840216277
240 1600000 0.840233852857922 0.567677301862173
240 1500000 0.787162356500064 0.490659948104284
240 1400000 0.735232616500451 0.435418237570019
240 1300000 0.682130040814791 0.395116121960425
240 1200000 0.628263159028286 0.347431538691497
240 1100000 0.575721783310019 0.304252325852368
240 1000000 0.522806910406749 0.265298839761189
240 900000 0.470051659840574 0.229553880448403
240 800000 0.416694042828949 0.196860677971155
240 700000 0.36339626715463 0.176506949114109
240 600000 0.310006480312473 0.156339806305165
240 500000 0.257014863279583 0.13810051009079
240 400000 0.203401114439265 0.116601999719101
240 300000 0.151842826932037 0.0954934526186779
240 200000 0.0967401329268303 0.0725777356865041
112 2000000 0.77305056961047 0.909491329398131
112 1900000 0.747606142038526 0.711983171162491
112 1800000 0.708304151025904 0.595444412971889
112 1700000 0.668116535483732 0.516289872175218
112 1600000 0.629885009213385 0.448093377764561
112 1500000 0.590191936659239 0.388108709519733
112 1400000 0.551010037259752 0.344569349514586
112 1300000 0.511483947936128 0.314980317447365
112 1200000 0.472138200501468 0.277703751886065
112 1100000 0.432304862033684 0.244904937625492
112 1000000 0.392274142571782 0.214897067742976
112 900000 0.353624272191662 0.186823792310426
112 800000 0.312366737158581 0.161553858478641
112 700000 0.272327838926204 0.145639747692979
112 600000 0.233121539528134 0.129654705962201
112 500000 0.193484082613215 0.11571269514837
112 400000 0.153097177697147 0.0989277971626053
112 300000 0.113631747587876 0.081657681295651
112 200000 0.0737228918060443 0.063999642206737
48 2000000 0.523121793070019 0.662922182319207
48 1900000 0.496829908564072 0.513904897609141
48 1800000 0.470477364843773 0.432618819140998
48 1700000 0.444471328365912 0.378090341229632
48 1600000 0.418072301966749 0.33042537381942
48 1500000 0.391779872209438 0.289684961462684
48 1400000 0.365362852515231 0.26006893797387
48 1300000 0.339105727783801 0.239063334899987
48 1200000 0.312736417584029 0.212808057253199
48 1100000 0.286193308511674 0.18797908792534
48 1000000 0.259864346912909 0.166252562811941
48 900000 0.233441738392212 0.145060216763085
48 800000 0.206899447196904 0.125791951063925
48 700000 0.180353611867723 0.114139503279379
48 600000 0.153842536313059 0.102036047671244
48 500000 0.127327916624523 0.0920492216819579
48 400000 0.100775810904646 0.0794476801893166
48 300000 0.0742123912189449 0.0667626536019817
48 200000 0.0476837313077609 0.0536837405716375
16 2000000 0.259771926806547 0.408769701187701
16 1900000 0.246602334275619 0.320522817559175
16 1800000 0.233504169673501 0.275247218667393
16 1700000 0.220416637473 0.244299042981485
16 1600000 0.207275261700208 0.215902027416693
16 1500000 0.194043374200832 0.190502628917385
16 1400000 0.18086573921227 0.172159604042122
16 1300000 0.167735950030984 0.159280615843808
16 1200000 0.154457579852744 0.143146179733052
16 1100000 0.141276537043151 0.12757385566965
16 1000000 0.128104218255397 0.113292725890344
16 900000 0.114860062600309 0.0996237678298348
16 800000 0.10164875833996 0.0874980286061991
16 700000 0.0883072753162253 0.0801420815878488
16 600000 0.0751061945189697 0.0742155814258218
16 500000 0.061805469034766 0.066659238794833
16 400000 0.0486097044383189 0.0589249410935763
16 300000 0.0353591420796923 0.0510925640987415
16 200000 0.0221354333507905 0.0428986275960608
15 1400000 0.689972391197135 0.152889926001135
15 1300000 0.643823815107443 0.134817913829887
15 1200000 0.595817976555827 0.118605014284268
15 1100000 0.547277927979383 0.105960945609932
15 1000000 0.499163584406138 0.0949942682460833
15 900000 0.450164570493232 0.0849631888795343
15 800000 0.401173462725117 0.0749470175656092
15 700000 0.351400600812479 0.0672246463064515
15 600000 0.301147781385827 0.0599404148675655
15 500000 0.250240524008372 0.0543092510743606
15 400000 0.20142416930273 0.0501318578022863
15 300000 0.14908767178485 0.0455313896894339
15 200000 0.0975670066218052 0.0412270425797522
7 1400000 0.522751294767523 0.130900391454077
7 1300000 0.486853171713559 0.116193362150338
7 1200000 0.450986945864446 0.102433857285997
7 1100000 0.415011260803815 0.0924602131537671
7 1000000 0.377725200400324 0.0833060411352404
7 900000 0.340488757871044 0.0751715799161854
7 800000 0.303063794682327 0.0666109053189578
7 700000 0.265477982340944 0.0603073098889821
7 600000 0.227907982289145 0.0546014489057882
7 500000 0.189694585626683 0.0498462508993871
7 400000 0.151083019154953 0.0464886435947552
7 300000 0.112205642642801 0.0428929782287507
7 200000 0.0730023421272382 0.0393319937009554
3 1400000 0.346480388807843 0.106903762243238
3 1300000 0.323025719779511 0.0956332744596027
3 1200000 0.298701511136895 0.0853004247225729
3 1100000 0.274745892416998 0.0776161866927584
3 1000000 0.249931775422958 0.0706142666925073
3 900000 0.225508876283283 0.0644277387073463
3 800000 0.200680719066595 0.0572527283697888
3 700000 0.175722110460838 0.0524947056797327
3 600000 0.150297448250875 0.0482302179949611
3 500000 0.124990424022903 0.0448748076665053
3 400000 0.099252787529447 0.0422447133299176
3 300000 0.0734171421031381 0.0396444350985775
3 200000 0.0472653871979887 0.0370179500799935
1 1400000 0.170737013543771 0.0814484977783078
1 1300000 0.159027467855387 0.0738734808498218
1 1200000 0.146914572469768 0.0669244452046679
1 1100000 0.134764191052807 0.0617814809031769
1 1000000 0.122601268854451 0.0578619184780605
1 900000 0.110289765659142 0.0539021827742944
1 800000 0.0980456010074064 0.0472240029062856
1 700000 0.085471150341341 0.044190135733896
1 600000 0.0729307778855861 0.0415038615779468
1 500000 0.0601755763920336 0.0393743639557811
1 400000 0.0474937112070693 0.0377740237383276
1 300000 0.0345978348613548 0.0362744305712373
1 200000 0.0218201417489974 0.0345188896796259
