cores freq perf power
240 2000000 0.971672179345829 1
240 1900000 1 0.970752594994342
240 1800000 0.969878721058434 0.838438725496728
240 1700000 0.941315692760015 0.72090343440449
240 1600000 0.886585814038956 0.619916194579939
240 1500000 0.866593164277839 0.53343242464966
240 1400000 0.807673649393605 0.470509856800925
240 1300000 0.750033076074972 0.425482823274838
240 1200000 0.738140389562661 0.372543480860991
240 1100000 0.675413450937155 0.325891974685001
240 1000000 0.613847850055127 0.283764318379083
240 900000 0.620698272693862 0.243683124530415
240 800000 0.550518191841235 0.207716174546396
240 700000 0.641014332965821 0.183969058678999
240 600000 0.545946343256156 0.160833451815489
240 500000 0.340007350238883 0.137127249521538
240 400000 0.358809261300992 0.115707034360034
240 300000 0.265137816979052 0.0926215897321666
240 200000 0.173186328555678 0.0685492031180219
112 2000000 0.927379639838295 0.970263356439836
112 1900000 0.879059169423006 0.765629808030692
112 1800000 0.834090407938258 0.642757568580006
112 1700000 0.786504961411246 0.556750183131349
112 1600000 0.833002572583609 0.481913927560402
112 1500000 0.779830944505696 0.41697295675498
112 1400000 0.727409040793826 0.369299395027762
112 1300000 0.676016170525542 0.335597113226042
112 1200000 0.833781697905182 0.295788990047656
112 1100000 0.758735758912165 0.259403185396018
112 1000000 0.690628445424476 0.225583022340535
112 900000 0.619331128261668 0.194547176877216
112 800000 0.413833149577361 0.165804059096757
112 700000 0.360411613377435 0.147884540955192
112 600000 0.41018743109151 0.129746817088581
112 500000 0.338772510106578 0.111545606642483
112 400000 0.201925762587284 0.0951140258156811
112 300000 0.199191473722896 0.0766461717357435
112 200000 0.0967879456082323 0.0579977336074909
48 2000000 0.694906284454245 0.672050119597743
48 1900000 0.657199558985667 0.538770156793041
48 1800000 0.833252480705623 0.456227884528415
48 1700000 0.786578463800073 0.397805025973849
48 1600000 0.738566703417861 0.347657368730524
48 1500000 0.692495406100698 0.304530229879418
48 1400000 0.645791988239618 0.271374089418261
48 1300000 0.599250275633958 0.247447330044467
48 1200000 0.413965453877251 0.219029169496783
48 1100000 0.379625137816979 0.192424060253623
48 1000000 0.343417861080485 0.167027077104529
48 900000 0.411422271223815 0.144374438516069
48 800000 0.363689819919147 0.123788484036104
48 700000 0.317559720690922 0.110899140830633
48 600000 0.20305769937523 0.0983088899551847
48 500000 0.168144064682102 0.087126943845415
48 400000 0.177317162807791 0.074028173306135
48 300000 0.0986696067622198 0.0607894187780135
48 200000 0.0857478868063212 0.0475787237504548
16 2000000 0.344461595001838 0.405825653939201
16 1900000 0.43497243660419 0.326768873266836
16 1800000 0.412010290334436 0.282302872995019
16 1700000 0.389224549797868 0.249569819640114
16 1600000 0.366938625505329 0.218807985388995
16 1500000 0.342168320470415 0.191432415557755
16 1400000 0.319514884233738 0.170646439163162
16 1300000 0.295817714075707 0.15598950417922
16 1200000 0.204321940463065 0.138380835141656
16 1100000 0.186666666666667 0.122079989641498
16 1000000 0.168923190003675 0.107219427332242
16 900000 0.202175670709298 0.0938620077654276
16 800000 0.179551635428151 0.0815898168153533
16 700000 0.156398382947446 0.075400267207959
16 600000 0.100022050716648 0.0678445804642233
16 500000 0.0830871003307607 0.0601249259127293
16 400000 0.0876295479603087 0.0523892821486241
16 300000 0.0488937890481441 0.0445457895778864
16 200000 0.042704887908857 0.0368554485828463
15 1400000 0.729437706725468 0.159575006728794
15 1300000 0.764704152884969 0.138090364445885
15 1200000 0.705270121278942 0.119937121637621
15 1100000 0.646027195883866 0.10601506340585
15 1000000 0.784343991179713 0.0933559962133782
15 900000 0.703623667769202 0.0817628765283218
15 800000 0.623976479235575 0.070273529968252
15 700000 0.544064682102168 0.0643299320724951
15 600000 0.348959941198089 0.0549853346001388
15 500000 0.38619625137817 0.0489175851711653
15 400000 0.306049246600515 0.0442789891870598
15 300000 0.17002572583609 0.0397570204008245
15 200000 0.147431091510474 0.0352356786425347
7 1400000 0.618066887173833 0.131958814923453
7 1300000 0.767144432194046 0.114544838062979
7 1200000 0.706284454244763 0.100295628000623
7 1100000 0.647717750826902 0.0889040978000568
7 1000000 0.589856670341786 0.0787264937020529
7 900000 0.526791620727674 0.0722256247196989
7 800000 0.351591326718118 0.0614443494671281
7 700000 0.409731716280779 0.0547207288071217
7 600000 0.349959573686145 0.0485600224852221
7 500000 0.288967291436972 0.0441944971713986
7 400000 0.172583608967291 0.0401675669481656
7 300000 0.169922822491731 0.0366660861432938
7 200000 0.0827489893421536 0.0330239943216349
3 1400000 0.548342521131937 0.103672800515292
3 1300000 0.381433296582139 0.0905243380113276
3 1200000 0.352355751561926 0.0795859922583995
3 1100000 0.321911062109519 0.0717240023632683
3 1000000 0.389430356486586 0.0641259912332088
3 900000 0.350621095185594 0.0584578153625295
3 800000 0.310944505696435 0.0511628154871513
3 700000 0.202851892686512 0.0461630514064158
3 600000 0.173054024255788 0.0417807530950491
3 500000 0.191459022418229 0.0383065480058082
3 400000 0.151517824329291 0.0358438957497067
3 300000 0.0839250275633958 0.0333163461012421
3 200000 0.0729437706725469 0.0309969697306962
1 1400000 0.202381477398015 0.0737524377670845
1 1300000 0.187401690554943 0.0659000100481228
1 1200000 0.173068724733554 0.0595759629464106
1 1100000 0.211040058801911 0.0544081553762708
1 1000000 0.191414920984932 0.0497369539389974
1 900000 0.172083792723263 0.0456065641047507
1 800000 0.152532157295112 0.040585951344826
1 700000 0.0995222344726204 0.0376185415925663
1 600000 0.0852186696067622 0.0348227807403977
1 500000 0.0940977581771408 0.0328720968018283
1 400000 0.0743991179713341 0.0313821216462431
1 300000 0.0413965453877251 0.0299021789377864
1 200000 0.0270635795663359 0.0284363443581044
