cores freq perf power
240 2000000 0.872764589050612 0.983672958218519
240 1900000 0.959347987236664 1
240 1800000 1 0.978055769693391
240 1700000 0.942739266373203 0.848047507162227
240 1600000 0.891573483550701 0.734673483084022
240 1500000 0.841219263224935 0.636476819807112
240 1400000 0.790807619130227 0.563482072562656
240 1300000 0.742960769526692 0.511736860593535
240 1200000 0.689835751958231 0.450176219492193
240 1100000 0.638033087334726 0.394209018118795
240 1000000 0.584520559717106 0.342577766205222
240 900000 0.525575663244531 0.297707403884005
240 800000 0.468059132828807 0.255286926475091
240 700000 0.410475139523696 0.220992296505271
240 600000 0.350746790091629 0.194162477310502
240 500000 0.291458957264669 0.167495653457551
240 400000 0.232457841717605 0.139785932784411
240 300000 0.172095823003078 0.113709582622578
240 200000 0.11209079541156 0.0841843603748414
112 2000000 0.738944719784055 0.930429009207016
112 1900000 0.789878398141879 0.89884738031973
112 1800000 0.747018983575196 0.757012216791322
112 1700000 0.710058556181729 0.657670485609937
112 1600000 0.673363161567998 0.572248112397761
112 1500000 0.635314091953525 0.496944947896164
112 1400000 0.596167545692053 0.443279500448323
112 1300000 0.558640510340696 0.403715371178323
112 1200000 0.516691844780742 0.356184631008617
112 1100000 0.478994144381827 0.313029478578927
112 1000000 0.436684472050687 0.274436999737567
112 900000 0.393984077151845 0.238288425895552
112 800000 0.353755715271269 0.204336017801688
112 700000 0.307119583593347 0.178386270939947
112 600000 0.263494384919153 0.157607952805843
112 500000 0.218395844928517 0.13661128242138
112 400000 0.173333044206665 0.116989479453702
112 300000 0.128426853763747 0.0939710859248567
112 200000 0.083148011169927 0.0708170337991515
48 2000000 0.553379208098117 0.796609833573897
48 1900000 0.528848014944636 0.629485105574509
48 1800000 0.500766988801964 0.533924900494248
48 1700000 0.474477744876234 0.469321508824301
48 1600000 0.449903584287251 0.409950540994183
48 1500000 0.424231545486452 0.360291806084066
48 1400000 0.398368763397206 0.32312938071338
48 1300000 0.373169366386937 0.296404466277391
48 1200000 0.346092653853536 0.263315557614924
48 1100000 0.318762553920116 0.233258464823077
48 1000000 0.28955955567656 0.205290241055417
48 900000 0.261758821776699 0.179214745166864
48 800000 0.232660631950585 0.15697425288676
48 700000 0.203526702855688 0.135978778484888
48 600000 0.17341175091095 0.120579477485457
48 500000 0.143680694932011 0.106418189323361
48 400000 0.114196601316008 0.0902023739229322
48 300000 0.0837306817205286 0.073700376973713
48 200000 0.0536952396097111 0.0570914250098412
16 2000000 0.277266050344984 0.462501161811661
16 1900000 0.264226036017152 0.375106784159996
16 1800000 0.252779832451095 0.325476240268119
16 1700000 0.237985782999191 0.289647164632813
16 1600000 0.225917555530391 0.256073712165945
16 1500000 0.212158740178728 0.226181835826444
16 1400000 0.198403538910426 0.204085544876001
16 1300000 0.18513061698828 0.188427911636706
16 1200000 0.17200506935426 0.168506087893102
16 1100000 0.157384897468455 0.149908046024144
16 1000000 0.143382332272399 0.132586459290119
16 900000 0.129093049796447 0.116223025466912
16 800000 0.114526687596225 0.102556874097887
16 700000 0.099509368105634 0.0905343445195294
16 600000 0.0848618898122203 0.0811253786139177
16 500000 0.0695654827732709 0.071807819949263
16 400000 0.0548276523958562 0.0621670042754669
16 300000 0.0399850136010004 0.0525630932073656
16 200000 0.0253210711500575 0.0428035335476534
15 1400000 0.32754959526282 0.155627918197524
15 1300000 0.31091718207511 0.139779782016796
15 1200000 0.293820961522862 0.124227907809561
15 1100000 0.275933256714766 0.111785246632113
15 1000000 0.25439934336121 0.100192074804269
15 900000 0.232432141569267 0.0897475588286751
15 800000 0.211131537374842 0.0790269417289944
15 700000 0.189865066189929 0.0710242804968727
15 600000 0.165008203969227 0.0632842228710143
15 500000 0.140253339212242 0.0562513326663168
15 400000 0.114088981944843 0.0515579552661505
15 300000 0.0866086967695717 0.0466662156103748
15 200000 0.0575297820547108 0.0412875401850151
7 1400000 0.248155813574336 0.131929010573853
7 1300000 0.235700879186012 0.118592437836242
7 1200000 0.220716488010479 0.105504458623103
7 1100000 0.207355221828421 0.0954356520360408
7 1000000 0.192201771864602 0.0860878520972751
7 900000 0.174239376000398 0.0785169405808512
7 800000 0.159036131999174 0.0686845968376853
7 700000 0.141839118677663 0.0619049132331715
7 600000 0.123668310673031 0.055969080774614
7 500000 0.10512966929531 0.0505044654572891
7 400000 0.0851967948702504 0.0467374620019245
7 300000 0.0644262562352977 0.0437738171390456
7 200000 0.042887925668746 0.0388368009994314
3 1400000 0.16348145453202 0.106162761612649
3 1300000 0.15491647853355 0.0959347184862004
3 1200000 0.145642339066876 0.0857592985937978
3 1100000 0.136006389699381 0.078950227988453
3 1000000 0.12597489898637 0.072082725090758
3 900000 0.115173608517672 0.0653414837838429
3 800000 0.104173141899353 0.057435526287014
3 700000 0.0936139950157775 0.0526213546450597
3 600000 0.0812080515352225 0.0481933145256528
3 500000 0.0685254298952157 0.0442522101758299
3 400000 0.0555139266694455 0.0415684252394699
3 300000 0.0419775782268343 0.038848760825351
3 200000 0.0276071796576901 0.0358734978458645
1 1400000 0.0835740714415936 0.0809562325044832
1 1300000 0.0793014217803938 0.0732315517976643
1 1200000 0.0739080047127647 0.0660741085487469
1 1100000 0.0688490911383479 0.0604603371167388
1 1000000 0.0634315801816519 0.055695029906399
1 900000 0.057463122294959 0.0513356733587018
1 800000 0.0516030869090673 0.0455739417946026
1 700000 0.0458370176905365 0.0426613824738661
1 600000 0.0395300406624534 0.0399338587455714
1 500000 0.0331411444115429 0.0374029887263264
1 400000 0.0266213380300354 0.0358010554717229
1 300000 0.0198762537857523 0.0342119363163189
1 200000 0.0129139229750492 0.0323957513230985
