cores freq perf power
240 2000000 0.982101206710169 1
240 1900000 0.98168921474303 0.79083662760367
240 1800000 0.981662290829589 0.675844489156131
240 1700000 0.9885285899007 0.599229255502094
240 1600000 0.98718996657929 0.532088439402022
240 1500000 0.981976262924355 0.471985140794356
240 1400000 0.97634692135567 0.42901728264503
240 1300000 0.988674007079026 0.401251014512162
240 1200000 1 0.365917257915352
240 1100000 0.99060748061303 0.331808595400901
240 1000000 0.969790948432713 0.300054860883051
240 900000 0.93613493480136 0.269480488663954
240 800000 0.887491276021016 0.239115102067301
240 700000 0.826294763284813 0.219968671139638
240 600000 0.753476515265929 0.198216736555762
240 500000 0.667477048415507 0.176191446706854
240 400000 0.562057867623251 0.151657121379229
240 300000 0.435367953840072 0.123324469420709
240 200000 0.28850389562384 0.0915650400015048
112 2000000 0.87343250588575 0.805615241764957
112 1900000 0.874424624050319 0.647533926511958
112 1800000 0.872413604036456 0.557763125582757
112 1700000 0.884104892762193 0.497356789193907
112 1600000 0.881259792346513 0.443312865627767
112 1500000 0.883377386184414 0.395400279947545
112 1400000 0.874790620998661 0.360102936204852
112 1300000 0.880571970495317 0.33838568874741
112 1200000 0.862815789809495 0.307538996699891
112 1100000 0.84078936426891 0.279165272422509
112 1000000 0.809052941528692 0.251782115835329
112 900000 0.769773475934719 0.22560110115232
112 800000 0.724041105523932 0.200058433139356
112 700000 0.672017654234409 0.183150271016904
112 600000 0.605156181835698 0.165957708972248
112 500000 0.53454976135176 0.147619263745896
112 400000 0.447745521901131 0.126974383470842
112 300000 0.345105954714258 0.103985102138056
112 200000 0.225837084802054 0.0784391552424932
48 2000000 0.707492013624061 0.604863928960765
48 1900000 0.70941553091924 0.493961592549826
48 1800000 0.70299922579726 0.427870191453955
48 1700000 0.705536383952955 0.383078411716172
48 1600000 0.698166102877115 0.343950470234908
48 1500000 0.685949938067988 0.308042909183408
48 1400000 0.672133763611125 0.282036020423642
48 1300000 0.656317506980235 0.263669963554357
48 1200000 0.632681956925384 0.238406518280547
48 1100000 0.607811693027562 0.214703648550725
48 1000000 0.577198502301223 0.192159259814688
48 900000 0.543492987933179 0.171210651467378
48 800000 0.506776903264763 0.151703198308373
48 700000 0.468717427498599 0.140346356997489
48 600000 0.423028107303574 0.12880227423297
48 500000 0.368504237781907 0.114727584393692
48 400000 0.307879437520184 0.0994821608940788
48 300000 0.238123644426533 0.0829935231714319
48 200000 0.156560172772996 0.0645805265091618
16 2000000 0.40096087520668 0.395587348828412
16 1900000 0.398947190847216 0.328263950739448
16 1800000 0.393464528515299 0.288292991284903
16 1700000 0.390467840857796 0.259656956399663
16 1600000 0.381513115521678 0.231329481624193
16 1500000 0.36865414227914 0.204701503471215
16 1400000 0.359819592952497 0.18638290411322
16 1300000 0.352111921586346 0.174244653307348
16 1200000 0.337867909317455 0.157747732091822
16 1100000 0.323894258012704 0.142614135746085
16 1000000 0.305442823353746 0.128282485054767
16 900000 0.286581219700957 0.114648200920262
16 800000 0.267891396225071 0.103590255644122
16 700000 0.246981471720005 0.0964402207067649
16 600000 0.219522305270342 0.087772408271965
16 500000 0.193095362397978 0.0791553322310535
16 400000 0.161111576203019 0.0699368400925197
16 300000 0.124262554711986 0.0599384916139126
16 200000 0.0814625069781315 0.0489657972853268
15 1400000 0.354483048942486 0.146019859329034
15 1300000 0.34827021568719 0.136632763595844
15 1200000 0.341214187163548 0.126546748150926
15 1100000 0.329250434042933 0.118525393306282
15 1000000 0.317112376628529 0.112419078471771
15 900000 0.303266894370055 0.105179650840421
15 800000 0.287857861929965 0.0985526839638653
15 700000 0.270623051609636 0.0924579315048328
15 600000 0.248467194964331 0.0881168635175473
15 500000 0.221177144345971 0.0829258746462474
15 400000 0.189889453496442 0.0774104489704913
15 300000 0.153626307580189 0.071005755819542
15 200000 0.107562576713872 0.0630567089648274
7 1400000 0.277679080133279 0.127126592652507
7 1300000 0.272250826543108 0.1189878883254
7 1200000 0.266765780323022 0.110807766533895
7 1100000 0.256597936366172 0.104870745585114
7 1000000 0.247338774487965 0.0989949879690895
7 900000 0.235511043221715 0.0929447592842855
7 800000 0.222704936205049 0.0877725808447333
7 700000 0.21026973414178 0.0822816605020798
7 600000 0.192551134751803 0.0790326329927725
7 500000 0.171485556372154 0.0748950282993454
7 400000 0.147498312697977 0.0703109778542544
7 300000 0.118805414006353 0.0652822073851826
7 200000 0.0834297756326524 0.0591748571140621
3 1400000 0.190236519568146 0.107412915035351
3 1300000 0.186680740020588 0.10074107923903
3 1200000 0.183539336328338 0.09477713693839
3 1100000 0.176431423179835 0.0894206507822637
3 1000000 0.169237549828521 0.0843421793559136
3 900000 0.160685561364296 0.0796661476253038
3 800000 0.152082529647506 0.0754541640687274
3 700000 0.143626878311063 0.071565927025534
3 600000 0.131088888599083 0.0689888978760952
3 500000 0.116508888327039 0.0659775030687753
3 400000 0.100686601861368 0.0627918097654443
3 300000 0.0806718974782249 0.0592740864558506
3 200000 0.0563768517727784 0.0547278294470234
1 1400000 0.0971827069386711 0.0871442433952519
1 1300000 0.0950857267219981 0.0812652068966291
1 1200000 0.0941546080488198 0.0763385995064074
1 1100000 0.0901628574237152 0.0724883284722461
1 1000000 0.0867501111663145 0.0689469626933915
1 900000 0.0819247008255405 0.0655362345001611
1 800000 0.0777760342674108 0.062521043091938
1 700000 0.0733919236953856 0.0599850862613611
1 600000 0.0666864669613433 0.0585318509792728
1 500000 0.0592943102058319 0.056615602959761
1 400000 0.0504294714765677 0.0545851117676163
1 300000 0.0402541953977777 0.0523996502295132
1 200000 0.0274956259157812 0.0497132099449545
