cores freq perf power
240 2000000 0.837520399902337 1
240 1900000 0.863054009946157 0.847072284059604
240 1800000 0.858929053316028 0.692433876477628
240 1700000 1 0.542403936656216
240 1600000 0.965304103111066 0.478089576684443
240 1500000 0.929156118685668 0.420758759322789
240 1400000 0.889744149886274 0.380732524610896
240 1300000 0.853287757488531 0.353533759526616
240 1200000 0.811215769927653 0.318708085382392
240 1100000 0.76294992225549 0.285663400312171
240 1000000 0.714105809635179 0.255755647574331
240 900000 0.671751114766317 0.255402710980622
240 800000 0.552988344748712 0.226038495091409
240 700000 0.419075033089605 0.204104971459786
240 600000 0.317300402215397 0.189276923871323
240 500000 0.270216785103895 0.182021612836891
240 400000 0.19685423868207 0.162868099007049
240 300000 0.16966293578689 0.153584670811437
240 200000 0.145478610622085 0.14310727333834
112 2000000 0.137524255001992 0.160703916454763
112 1900000 0.146943548490728 0.440535709918007
112 1800000 0.240969429059741 0.78824456621683
112 1700000 0.46902427427749 0.598371382422562
112 1600000 0.590100104087691 0.487463231996927
112 1500000 0.702283504028579 0.417104923447364
112 1400000 0.758233850345031 0.363094935051876
112 1300000 0.729770364563924 0.32847616726803
112 1200000 0.666122669271001 0.30451325822258
112 1100000 0.568999858646346 0.27593246011119
112 1000000 0.464539508346291 0.249305858149565
112 900000 0.372595381590614 0.224154958731965
112 800000 0.359243886454465 0.222138074665657
112 700000 0.256171372029967 0.193564161354349
112 600000 0.20572096788702 0.174592370010898
112 500000 0.181832200362379 0.166895525876431
112 400000 0.160423546948689 0.158538103291931
112 300000 0.110127346791915 0.140155143534493
112 200000 0.0991274624449042 0.132618642770371
48 2000000 0.100181189683753 0.241957602314018
48 1900000 0.10084940695717 0.274062149815062
48 1800000 0.0951824104653105 0.361301625809304
48 1700000 0.202688289492283 0.71668069293701
48 1600000 0.195967565761575 0.586700921566727
48 1500000 0.103226718410671 0.520148095673356
48 1400000 0.177193230445007 0.493456088110947
48 1300000 0.173286729461957 0.411619187213114
48 1200000 0.148678343335175 0.336974547075274
48 1100000 0.13431167195672 0.31582154235828
48 1000000 0.172155900230021 0.229142090497074
48 900000 0.118377260052172 0.229406430584456
48 800000 0.096146185378892 0.239870239636338
48 700000 0.0997185777252342 0.21006847658398
48 600000 0.108572456598003 0.194583474124475
48 500000 0.0595869903236999 0.15531040030583
48 400000 0.0510543697554582 0.161275173682671
48 300000 0.0460941415335586 0.150160207486133
48 200000 0.0289260977396266 0.100336177540876
16 2000000 0.0441665917063956 0.194710661747054
16 1900000 0.0448348089798121 0.220213954221515
16 1800000 0.0453359719348745 0.23732630600581
16 1700000 0.0454387745923232 0.249823124050509
16 1600000 0.0456443799072206 0.257172466959754
16 1500000 0.0469936647862347 0.258116409286871
16 1400000 0.0431385651319087 0.276963368334087
16 1300000 0.0398617304257315 0.262668530394128
16 1200000 0.0425860008481219 0.274731606033621
16 1100000 0.0422518922114137 0.27265674470346
16 1000000 0.0417892802528945 0.269870393638445
16 900000 0.0378185276089387 0.265951311780889
16 800000 0.037278813657333 0.260506521989236
16 700000 0.0366105963839165 0.254382311136798
16 600000 0.036674848044822 0.252506384293235
16 500000 0.0344131895809507 0.24985845394567
16 400000 0.0336421696500855 0.241557921551327
16 300000 0.015818758914918 0.15874428493651
16 200000 0.0323057351032524 0.230159591477705
15 1400000 0.463293026124725 0.167345393208145
15 1300000 0.354502113879644 0.168023546016283
15 1200000 0.333633174417559 0.166977962298472
15 1100000 0.215654274663 0.156541692446921
15 1000000 0.189336794356134 0.151483538533592
15 900000 0.158984309744407 0.139334040535166
15 800000 0.143024197175497 0.131788118465668
15 700000 0.131497449209062 0.126961873607753
15 600000 0.0997185777252342 0.11522347064584
15 500000 0.0910189028386384 0.110145205869111
15 400000 0.0843881314331976 0.106701718754105
15 300000 0.0764080751487426 0.102432961523932
15 200000 0.0626839203793418 0.0943148763317785
7 1400000 0.0657037484418972 0.101825649685066
7 1300000 0.0648941775144888 0.10508379073469
7 1200000 0.0531232732366132 0.109277902237651
7 1100000 0.0521851989873938 0.110865573372492
7 1000000 0.0507588121152932 0.112135818987735
7 900000 0.0488955139490356 0.112777192469116
7 800000 0.0472249707654943 0.112676819331069
7 700000 0.0413909199552808 0.10974570628537
7 600000 0.0360580321001298 0.10891391372802
7 500000 0.039347717138488 0.10805421961244
7 400000 0.0337449723075341 0.106294609654483
7 300000 0.0361993857541217 0.104741906056903
7 200000 0.0249296444313086 0.103497750210394
3 1400000 0.0333723126742826 0.105581126951184
3 1300000 0.0295943150130431 0.104941746438248
3 1200000 0.0291959547154294 0.107678998007937
3 1100000 0.0287590434212724 0.109458900008244
3 1000000 0.0282321798018479 0.110496511852274
3 900000 0.0276153638571557 0.110849267267033
3 800000 0.0252766034001979 0.113162016557944
3 700000 0.0236060602166566 0.111764039783274
3 600000 0.0247368894485922 0.112246338146956
3 500000 0.0230020946041455 0.110402661156411
3 400000 0.0238759171924594 0.110358815850622
3 300000 0.021896966036572 0.107634971523199
3 200000 0.0198409128875981 0.110174738037886
1 1400000 0.022333877330729 0.107175320528209
1 1300000 0.0214086534136907 0.11024068717552
1 1200000 0.0215500070676827 0.11150821510652
1 1100000 0.0213829527493286 0.113881840524477
1 1000000 0.0208946401264473 0.116053632592644
1 900000 0.0223724283272723 0.118086279227562
1 800000 0.0206761844793688 0.121096929832111
1 700000 0.0151505416415014 0.114041096821125
1 600000 0.0179776147213405 0.115872453643101
1 500000 0.0193526002647168 0.117594921916402
1 400000 0.0131844408177951 0.110217858627877
1 300000 0.0139426104164793 0.109476474366349
1 200000 0.00867397422223365 0.105048642018478
